92007
92003
92037
91901
92101
91902
92008
92004
92093
91905
92102
91910
92009
92025
92106
91906
92103
91911
92010
92026
92107
91916
92104
91913
92011
92027
92108
91917
92105
91914
92014
92028
92109
91931
92113
91915
92024
92029
92110
91934
92114
91932
92054
92036
92111
91935
92115
91950
92055
92059
92117
91941
92116
92118
92056
92060
92119
91942
92134
92135
92057
92061
92120
91945
92136
92154
92058
92064
92121
91948
92139
92155
92067
92065
92122
91962
92182
92173
92075
92066
92123
91963
92081
92069
92124
91977
92083
92070
92126
91978
92084
92078
92130
91980
92091
92082
92131
92019
92672
92086
92140
92020
92096
92145
92021
92127
92161
92040
92128
92071
92129
92259
92536